36 12 6
-4.799999999999999 -18.300000000000008 -18.800000000000004 -4.100000000000005 5.7 -0.8000000000000034 -3.899999999999994 -5.500000000000004 6.900000000000003 -0.10000000000000298 7.400000000000006 6.4999999999999964
2.5999999999999934 -1.9999999999999998 -2.1000000000000005 2.399999999999999 16.099999999999998 4.499999999999998
7.188689795726449 -3.8783062299921696 5.130834360727146 14.39388519691924 1.6840127327871173 2.0751812702763184 24.302480218781614 14.977903017353025 -2.935147152439276 5.4463764634091705 -0.6427527546397338 4.152180045584655 2.150913151475689 10.153055602853243 9.615619854121132 -2.2698564512954302 -3.475898446185152 10.445543146821867 11.789744087196176 -11.28117347806735 -29.29157427674748 4.227082361342728 12.096529545371112 3.8217915111578042 7.150154426387969 -13.008055312822723 -10.082974832801174 2.0145556525067816 5.689899436995923 12.624497238600998 14.946807670151959 10.879848139741746 7.931480159828919 -28.746190531695525 -11.398307385233434 -18.862473257914484
9.623330017713968 1.511711233568894 -7.055770870695845 18.420478610407436 -9.083867996852272 -11.770430052591383 -5.450866488782358 9.941299279950897 -20.148475478900234 -8.01824383264491 8.917079197433967 -16.20339755721673 1.7534455976711794 -2.2974167860146313 6.631239788661144 -8.933258383038883 0.4888088207904955 -12.621423415845157 -22.389058593031102 6.1584870767323405 0.14402376125533256 3.1578569109842007 6.020309128045938 15.136566558475398 -0.5458271840556532 7.053437294993765 5.194499131668286 7.701540542594669 18.306220372536433 -9.708784437229767 11.51181835924192 -3.218291235842517 0.3074704491055944 -8.854231962330404 6.812096182507855 29.55443226568139
-8.063618022443872 -30.1929956493039 2.9533852923122286 -15.825877379623215 -5.884906144877421 -15.298495673975026 2.1980889898430824 -3.3562220249729346 2.3015704440817784 -5.360110730530785 14.063433238532596 -5.676657097764743 -10.366906874038474 18.58485341751841 22.519691071401176 -28.738478691237404 19.00957787792944 -20.7866869516085 13.585999452104002 -0.5249508421691775 -6.182424376636814 14.632132255882247 -3.1914301263733913 -8.968547719247322 13.660673937417211 -20.389897065424357 -3.9850502516236155 0.3177622036763683 -1.3560457649216633 8.681212875438742 -25.709941500649176 6.58359796308358 -6.140882090219351 12.869662645104773 -0.7776885265142128 -19.313081664876893
0.9718889301696976 24.83181458289264 -5.803211741355708 3.317316374796051 7.27606919346965 7.092306816646403 16.755919321226397 -9.013278004358575 21.781180221380808 11.553000415982378 9.752556975923042 11.250608354165848 -6.117191807528389 10.81552939870242 -2.0862629995991124 0.2810410253503071 -3.6462749463789397 -8.802483360929605 -8.619500877043958 10.6706426913183 -20.146537995128252 -4.9101913832651105 -5.4846744564443926 15.53090323251795 9.102118044753734 3.3417674333167273 15.117477196420943 -5.0729124418893266 0.7058860011936334 14.988910105841345 -20.96225485691005 -11.697766054378828 0.43732790213920203 1.0890793629908169 3.745330309845416 -5.502695469190214
-16.941793642899697 -25.807316226544636 3.9713441753859176 -5.246906767008037 -14.027584840987302 -19.63019822160857 -17.0995854885926 2.5590185703451462 -19.764362856232445 -23.462746204106963 -15.524835344310056 -17.50741404548704 -31.58918847517615 -12.414739901925579 -6.7276427647896355 -12.3920529358167 1.5199079767776773 -1.7635108463256572 0.4506650161539316 11.302803064919203 25.84453949315461 11.290550712262416 -2.163010310818926 -3.3730655039194817 19.332460607958758 8.34941471619127 -3.9555853414165423 -16.022361521262255 -14.80885282202026 -9.475856843220548 12.566120738259372 -10.679993547763717 3.460952369546338 6.825551776736941 5.0129125346249745 1.826020937735592
16.742138745977712 3.915902506005313 -4.401093279413374 21.279511448131796 -12.145474119756724 -14.476018874820962 -11.73129541539879 -8.56429389508206 12.477428945702735 -16.31636214293054 17.672776766765875 29.569582914514257 23.219779884485423 12.669806006041547 1.6949397359224505 3.0077455085823237 -9.32006421068077 -4.228406013580986 5.9541679127508695 14.591611542289296 5.83139542479666 17.726172466891473 -5.450405447257546 11.757613034790538 7.328292287357434 -21.24633088359926 -1.3288119387021442 0.10413578074172669 2.734589895267626 -12.372131219376246 -8.01598196873353 8.263653023975298 7.974290485323074 -5.563120639431884 10.535294700819751 -4.8888165909916195
13.897293046145222 9.851545436457862 7.662017907354727 6.3272339753838915 19.958907486173445 14.49723656425795 -2.5889996798736066 2.5165913671426523 -7.498188203534487 4.848463184280606 -1.1626381561103103 -23.615817260126775 0.8135266683298354 1.2088211310510504 13.114956676640322 5.623908364535402 -3.650766192768838 -13.039875035366219 9.669175193012485 -6.164917260965373 -5.461573161457136 -9.488387133918266 7.657042707011417 18.04795857918167 8.438870975478086 3.942658278889713 -15.388724128366405 -7.764838389481984 16.93843445412386 6.485210547583784 4.4509755193927845 5.494281127007881 2.4898652888109885 13.832414572482058 2.8853647490379717 -12.113230101678251
21.377488835593134 -0.8856091440200649 1.2158051006644248 22.756598150942963 9.575951178645086 -29.240301636247402 3.45241712202995 2.264267689686917 28.460467168098905 -1.2590882461729302 -2.4794776333077344 -14.839182958801278 1.7066102450831901 20.611074996181816 -4.864433294003062 -10.791978338071456 19.915631006348498 -5.380376245740066 10.808588239310179 -17.92226967691469 -8.667770564603575 22.980526114051997 0.2513604706155228 9.528916215118269 -10.463177884094865 4.704874596932098 4.952326496895511 -19.710696988367218 23.084993074882473 10.238554834463924 10.892329326696863 11.781592623929697 14.610084117963947 6.747369246691604 -6.85468342607798 16.29670531597179
12.668852386126765 -9.362220854565027 -3.721315086003611 -0.736699207644449 5.470926719773218 4.5007001737228185 12.46525978515751 -10.526583724933356 2.305711626579547 12.869386834975327 -10.555304552682738 -30.00227685557245 3.3623603014762082 8.851892897190647 -4.225144203639015 1.05356824227607 -0.7457645342452357 15.875700406978817 -8.61726876259064 -12.470362352011772 18.799679097634527 -10.70089187994489 4.772751492407181 15.636294559384517 9.477935525570626 4.260786411407547 2.9654575767160845 0.36577800509032277 -11.404010400869124 -9.552574794099957 11.197529640251958 -12.067095321709921 -4.0478897179382844 -5.2073078352742 -13.633550265674197 -8.693900492727266
5.92989915564095 7.481787199671469 5.637547443391543 5.491902698368919 10.636573682202918 -2.5655134105758144 8.600772863931216 -7.042559883559503 -11.709844319175936 -8.969297055917558 -23.820691396356505 -17.335068564501828 -20.00230681623624 -9.547437533923908 -1.0238254847256925 -10.919088425513335 -14.025478685826638 -9.660044355101322 -1.0026312054095876 -3.049269769889241 1.1796246337436493 -0.9438586240135667 16.241089900266356 5.705316478030892 5.520482468944881 -5.91956477093214 -2.6237188709025703 -6.198824345591817 -18.323143688358936 9.919010406385375 13.033161823984358 19.516123014218582 0.6470861140409487 -2.9564883621006635 4.330415679794228 1.8612386494010735
2.407852806271385 13.217166888509261 15.249076612469867 2.971615200203196 12.812170495025807 -14.748761880203961 1.8547838392873839 -11.536652954886744 32.81373410475439 1.0542343805282313 -4.508161471965105 -4.1698171675787545 2.7918599721600312 4.241768196280484 -16.287988813622206 -3.273481649909823 22.30424608349249 4.664554092985157 20.657126160003443 5.756050948835698 -5.97611973840859 -1.276642747370186 20.18723606210373 -19.537161474451608 7.975514824198317 -3.6028141928552646 -1.079001491684859 -8.018886635788327 5.178681633279328 -12.107649648304223 17.831828674358828 -6.731389573580589 -7.952439110859693 -7.17274375734444 7.119945501485541 7.357068876650732
0.6699171816934129 -1.5716772436694906 -6.743685015228473 -3.766036958254827 16.084846025302447 10.491680935876744 -19.769957688462632 12.007508617235388 5.393586504254055 -22.767973098590844 -13.245110802896342 -13.769028496908206 6.036011825773845 -6.742993674405227 3.167699949177459 12.781821412887819 -5.103544209637781 -11.204907187438021 14.588016016769387 8.786438942485692 -8.38408441467378 -2.0461177846770386 3.9525470237857494 5.647172257473348 -9.896357943606219 4.196493068700756 2.5157138287437677 -11.001190454395399 -9.541569826320941 17.773090135893376 2.884514549179658 0.036761452548743134 -19.30055950010604 -7.599752967717404 -12.951277498827153 12.495716945355372
-0.49855743358951865 1.242945544830858 -5.2332790611304345 3.1310440584623103 -15.92025614249108 3.45559473494808 12.006220296482578 -25.490468314676015 -10.05403894813453 0.3536652699156193 -37.04943410344013 2.0705423860610495
1.3208065315452608 -16.649130239433372 8.484830357443023 8.551357657712105 -5.706648548071259 6.916471205665866 13.74426093058203 0.3023008471589126 -5.3585428907527435 1.4252488927868219 -10.772646442841264 -0.02352759257643089
9.30521351070549 -18.89113603304252 13.798058946758232 -2.7560088349300953 -20.587376537169217 -3.311527639064491 -14.41907330211772 -8.06775307911424 5.743115329050071 4.198467001983529 11.85522638521244 20.951462309893515
-0.8233123143998304 -7.369814293689626 14.959471853763265 -1.202973532950689 -15.949820472195473 6.9742482664439525 13.211075403777869 -11.706575342419772 3.900320485565402 9.423546596214738 -7.1198336369707995 4.560261896065099
4.252322862435613 -11.381571234758185 -7.8437972159661955 -2.7261056707633937 6.447649685923549 11.688812865343284 16.29982389935749 -5.938047449333414 9.10586055895858 -15.936421554926945 -20.89290379815391 -4.6688342820785556
-2.006986945600808 6.0782456921403565 -1.0721973297160559 7.750899850010453 -20.698173144156275 -22.14291168239002 5.751894999542742 2.067296288330927 14.522274341831686 -13.81357738085472 4.570851513824165 -27.67293679209294
