36 15 6
0.0 0.0 0.0 0.0 0.0 0.0 0.0 0.0 0.0 0.0 0.0 0.0 0.0 0.0 0.0
0.0 0.0 0.0 0.0 0.0 0.0
1.551560707646824 -1.1655909012915462 -0.12258032047804407 -0.39996243218424593 1.7347165331727097 -0.5984421018734664 -0.13191366127512594 -0.5604711091476847 0.9436503610486217 -0.4760065316211632 -0.1495613603227483 -1.4699272648245734 -1.7190106788263075 1.2437053274884833 -0.8949439519394818 -0.3134474084487147 1.4461990495903922 -1.518324167316167 0.45748021437317166 0.6075160955911704 1.544146125911227 1.7085694111223406 0.20247377829030616 2.3503562659916493 0.09201471513624139 0.5213041781424813 -0.39677417477456295 -0.8772041008598777 -0.25780395697097613 -0.1960367157487992 0.21255178542442932 -1.0192446763594278 1.0930397902146867 -0.7236924470830083 1.7884747139988613 -0.5793787838235185
-0.14142274825562312 -0.7598731236028359 0.7391418729348461 1.1913854663903412 3.0664432791695853 0.056614270265500456 0.8213250115427999 3.115217100442563 -0.7444885679411217 1.046119821263533 -0.023466870651918683 1.2125702177784174 0.6718221899657529 -1.054374360139063 -1.6536004763045593 -0.17286404244000275 2.4018978900595305 0.7385384798882793 0.1330553402017624 0.17597644056562023 1.2441213898485604 0.6994139565488917 0.31974647634089043 0.7037655870412141 1.0860566088805659 0.08298320477740502 -0.3473885745716616 0.5993174064221104 0.4085980333423894 1.971719196801536 -1.2700589508675726 1.3645490363508346 0.40246098810562364 -0.8027023187592753 0.638869341250991 -0.976767330019233
0.44229338489825176 0.42077999513383685 -0.37174560571095544 -0.5483646656427349 0.4978449290235145 0.50915393252242 0.5623007848405546 1.6209403022879523 -0.2201804406087065 -1.9065421268752205 -1.4044543453458422 1.0116991443670327 0.5043999136713543 0.02715432363433308 -0.3469446524909409 -0.030793551961843264 1.7816813819751711 -0.07462102068168468 -1.1002658595243455 -0.13410480922383178 1.0014938119887293 1.4067422477219642 0.14188279278426877 -1.1351288729322855 1.120069618675216 0.6370045375020702 -0.8034299288687134 -0.8332791174593349 0.2550319918097076 0.4793172056445577 0.02868136359577075 0.67660825307915 -0.6547363272813396 0.9867282987032516 -0.9606233758485596 -0.4861098312429641
0.2953777141990728 0.6097490639529353 1.235454215444996 -0.5932094627742361 -1.9947050703463682 1.2384198419847585 -0.6699544779845331 -0.3188377412680779 -0.6940922243048512 -1.568193965021004 0.9162512433077992 -0.4306140696274539 0.2115594256361127 -1.191902128878299 1.2113436372046005 0.44038717855755505 -0.407198168163584 -0.3305751955503112 -0.8370393753646204 -1.5262520122087497 -0.49364151939789463 0.6376162966943252 -0.04348993182033481 -0.00840738211438806 -2.2033173201410357 0.3713247391929243 -0.5776381015933767 -1.0423274537184235 0.7332115738383265 -0.6945024396051119 -0.196218342118901 0.33109063857791116 -0.514107277807881 1.7793179392404166 -0.24330034575494652 -0.8397112014293782
0.1185869152163094 -0.27752408452501787 -0.36652431059028046 -0.713361752873199 -0.3373473635950338 -1.7405065010041258 0.7066777235767935 -0.0749998914414631 -0.513309164701159 -0.5555318185737518 0.8308551150984128 -0.3614314677658048 1.1648765173304045 -0.3236767880753781 -1.0363714823378114 -0.26288021915790455 0.8051110591486716 0.5865536053634085 -1.49506275979075 0.7648864136325784 -1.6070040087913018 -1.7055524964576914 0.8965459211815254 0.49321387776972353 -1.0360350754315117 0.3916731930963148 0.4687644024523276 -0.5505331171609951 -1.3345837583528948 -0.19123017669548673 -1.0525383260222267 0.051153943361560074 1.2197810431766576 0.4093206673931636 0.8397043669423206 -0.441544851090608
-0.21148158287049676 0.17022293419064477 -0.6104553512367112 1.0707592397757744 1.7441183869357086 -0.6677225736060792 -0.33711958376188217 -1.4753816284333474 0.8268856139016852 0.04639320335086583 0.006514301788295748 0.13363597847709355 0.6396688467349645 0.6316891281718658 -0.20485749464776215 -0.2825178379695876 -0.3673687533601099 -0.5795160266323801 -1.258459999296093 -0.33007727223792893 -1.1998085948011137 -0.9118133166475046 1.7607510110693334 -0.1172217344569336 0.4059887483009729 -1.7951461285519315 -0.05826046270944154 0.02280286556523036 -2.5517608709343538 -1.8874456714968535 0.9112760378966825 -0.6478629018226109 -2.055721650928549 1.1285638385541132 1.3553611368876464 -1.0752522658423396
0.48830095676077173 -1.0010868764233387 -0.09308586376985864 0.3018735401832132 0.8999867417938384 0.2607123720293615 1.1617019050802075 0.015648337125216617 2.46310994104435 -0.1912524780135396 0.44412012218011193 -0.5181992375643996 0.607160372444906 0.5109781416810981 0.1357043465250939 -0.8923363027476829 0.12526041090733722 -0.13815730797873227 1.0472094252942932 -0.5615466553940928 -1.9464864552397607 -0.5073141861043835 0.3414262755659989 1.0111914467090142 -0.9537640951200969 -0.26957158691406213 0.7812529911408095 -0.7547117987244978 -0.21705139183508818 -1.1264557932711472 -0.5811182047372764 -1.516663472096839 1.5216390737639405 -0.029705776630387138 -0.8645442696239456 -0.29728845087657363
0.10566210136837172 -0.38789379283358766 0.2628827998053576 -0.5614135083828715 0.9962596965392931 -0.9313310862341511 -1.1739895622024306 1.313466670843178 1.1294007372005195 0.2285652133138709 2.2541480510409784 -0.943272303777908 -1.0101642308589345 -0.6911959830585638 -0.8263274180429105 -0.21021043071753315 -0.004233782534958471 1.1720083501164742 -0.8061554273748006 0.334090756215331 0.9104900515024426 -0.4654678139383883 0.39572352588036475 -0.6004905928866882 0.8123659976527012 0.932092155949936 -0.06581966229345626 0.46604757011741177 0.9149754746223668 0.8809879554940504 -0.9090450045731726 -0.34734101484993285 0.1849301040238923 -0.5859977950459574 0.23241060471718733 0.635003965581494
0.9007664482087873 -0.002198703049402699 0.5581583846342425 0.3423729081457887 -0.8474986329514645 0.46912971443867313 2.530290858794677 -1.1092521796280317 0.9411683011391626 -1.175515982417765 1.2277742993698735 -0.912156662106261 0.6437684792023105 -1.332132409217219 -0.2585673875217076 1.066333928137972 -0.24832371279882395 1.9430825716800433 -0.15114958953560081 0.2026413214816924 1.5574728784525098 -1.8387097821996226 1.2218115582730773 -1.4109591472974312 -0.8230666083445373 0.04220261323254563 0.44768117078708175 -0.2567671931657016 -0.6941611947492963 0.8156374888584781 -0.41839121062133316 -0.7206724767354425 0.9108094158179525 0.295912172828199 -1.7246376271380983 0.10122848876198776
0.07336107456105094 0.8692602647560299 -0.01679989166805259 -1.2714008308282243 -0.6696240190339273 1.3798547424407048 -0.029177288486429767 -0.6003153548678959 -1.1336621227944648 0.05573557298448592 -1.1171124732248694 0.060346279197746336 1.0024081300699526 -1.8659658158428398 0.9177605112029269 0.09030083597468662 -0.6761560580918207 -2.000785187965601 1.866196046728407 -1.3043356931113315 1.1932025219314075 1.733453574733234 0.7296532195502213 -2.216313427049499 -0.7845353650928713 -0.07171156104383103 1.4304931318236713 0.19627911344559823 0.684505683117356 -0.35574731812643956 -0.5354994648057008 -0.6020059908263276 0.2164187147331342 -0.7473121803992956 0.2804022967393007 -0.6865002323206767
0.4287637657667711 -0.590903847681628 1.2353564691919272 0.646335572517272 2.1107465421502725 1.284883711046527 0.3345964046716718 -0.7214123303025186 -0.8612384427398193 -0.5046320762956958 1.7581875135478473 1.0396585747239278 0.42908673280935106 -1.9251799265382339 -0.023054480299656704 -0.18906383980615654 1.280100019928921 -1.8839902073071566 0.9950225268657082 -1.1413405114911643 1.4511855306836747 -1.0593579887929339 2.0547726842778347 -0.6409779544482193 -0.024239303251351176 1.6120693418070933 -0.26596910481086405 0.6464285389613659 -0.8698279168421256 -0.8762479863772 0.6271723151543575 1.8042181420010384 -0.5657017491444812 1.787997375572247 0.5799793468506774 -1.419524990359868
-2.0239614026296193 1.4869777096451047 0.6084510170351799 1.7880159877276272 0.469436678013245 -1.4749917324070891 0.900218013582353 -0.7286738991177016 0.722851888821121 -0.942922335204312 -1.2791679555067537 0.34555751079110486 -0.6881368852851072 -0.27067464845528494 -1.9125513004918342 -0.15809029651284506 -0.48861329587141183 0.6905497657165901 -0.5703506066012487 0.16455611574469467 -0.07424373101731142 -0.9526976659723548 -0.6154981773914531 -0.9392581180369742 -0.6711297205431519 0.6125811399804354 1.9716278613296918 0.7809389174865037 -0.7603178767907801 0.1913624980585255 -0.2970904317049878 -0.684462453124306 0.5854764714209437 0.46567584104837456 0.3539484538272857 -1.3800033550873914
0.4201335303512012 0.6324825113734229 1.161001159567988 0.864628620198114 -1.1673843263686012 0.2157155218861192 -0.23667425181801777 1.1379488013750165 1.14753763886872 -0.20646437814128415 -0.43481146167580614 -1.2365643906271495 -0.19670366470164372 0.4685583252006302 -1.1068866669638258 0.6424446917755179 1.8307927124528216 -0.39255878395318045 0.05506152846332339 1.3233811893494694 -0.9885280648903627 -0.23012818692313464 0.8326879014506655 -0.46366523030984286 -0.5993140882668668 1.0210695818190307 -0.5909487810462724 -0.14317911294957655 -1.1150513254044854 1.224378860594647 1.007696070854085 1.6026276101285544 0.9553308318028837 1.4094258594918752 1.407169507732711 0.07416992301031984
-2.09268294485961 0.040163402553152414 -0.2446324423196859 0.5772362967312046 1.437524173984094 -1.3822887172784117 -0.7594640184730582 0.3242282228736037 0.16494295044384907 -0.8453431309698363 -2.605002576076904 1.5155828412850982 -0.3334396386637827 0.2540457402892874 -0.6548397821468058 1.0213596042935633 -0.2600599165184257 -0.4867119221895507 0.35568725545034324 -0.4788465443884821 -0.5483546132609326 -0.5994510886439356 -1.0485109537999835 0.34257225130931146 -0.7361582763698499 0.39854394199902504 0.06911618517081713 1.0089238637250966 -0.908691026012884 -0.29127341197278267 0.7740389162030816 0.5957311477297452 1.2631270857631667 0.27672027916791025 0.8024212117843135 -0.22638961890652942
-1.2553614320227384 -0.6401262223140545 -0.9734403812845138 0.6331831137149441 -0.6139165115732458 -0.05689469097019569 -0.3200588470769866 0.5857657084170529 1.4694775142705017 -0.0985232268380473 -0.9125351479869012 0.675942413920106 -0.048779542912554416 -2.018419202534442 0.22665705394304045 0.6188810782718991 -0.42199080163274594 0.8497185290380237 -0.5419392472347861 -2.3645620321897396 -0.8207930358260781 0.7854905117330521 0.9266056179059975 -0.012208928769739478 1.9403552736453784 0.2622261005438325 -0.681710477025004 -1.0718910409465523 -1.1630204705879876 -0.26144790348852237 0.10499980582750007 0.4669858554557824 0.6410621804702551 -0.535205262335725 -0.7161170642843813 0.6946429817253947
0.7680499653035844 -0.6906054822476718 -1.17521562202661 -2.3835665172487923 0.6783065661580212 0.8240303413361405 1.3613287520741295 -0.34951129824653043 -0.7636218540555947 0.9426353491915391 -0.8367281974252234 0.057135423778684385 -0.8506415139061911 0.7247869777183094 0.1770071571769181
-2.451694406248594 -0.27433392407201657 -1.3771946451915515 -0.8725539203206282 0.2048937064416884 -1.0463501779466875 -0.8385064847178493 0.3800500279405065 -0.35568290951320597 1.4080814693904111 -1.3210528317917485 0.44439343369868556 0.571522210870588 -0.6277158412156801 -0.05047291951254229
0.27967192061984775 0.5227631340381086 0.7938869802003875 -0.9856928406025597 -0.536316988890449 2.643055327022592 -0.47192100283003047 -0.7402511706706097 -0.2475241246294346 1.5261600749418276 -1.5130439123431314 0.6158986593570247 1.364909772521349 0.2793891566107487 -1.1205866841479672
-0.795008554451122 -0.28275038072760755 -0.3221742082962301 -0.2910268303877991 0.5888941637851005 0.3451811305109341 -2.0045805258303795 0.9700606128106116 -0.946556417573514 -1.3036664067556039 -1.1157740236202875 0.6869594368054859 0.6223313315185249 -1.2711613704365248 0.7083161343571656
1.801014149454453 -0.30307338171062864 0.0873702969061368 1.7725938232281035 0.9100066925375707 -2.477234479199995 0.8762009230782034 -2.034707102210256 -0.17025481705269968 -0.6565564168494279 -0.7027174075660787 -1.0658073509770523 -0.6217406686347986 -1.170032258489141 -0.5213226975960806
-1.9571859897655461 1.50084764983607 0.2791695000559228 0.7709954723083667 -0.6092757434742625 1.1605387508189535 0.29165701765305496 1.0665214745965172 0.05374275771728673 -0.8152201436303619 -0.30954104048627146 -2.1920381884777114 -0.3892954837306854 0.3470228303213718 0.21261433488215079
