36 15 6
-0.0999999999999992 3.200000000000003 -18.300000000000008 -5.799999999999998 0.39999999999999963 9.000000000000005 -8.800000000000004 -2.000000000000002 -5.800000000000001 5.800000000000002 -4.600000000000001 6.6 4.799999999999996 1.4 -9.000000000000004
0.4000000000000022 0.2999999999999982 4.900000000000001 9.500000000000005 12.500000000000009 11.600000000000001
3.5518797263988535 -12.05844167914462 -21.4864607262242 8.025066709379903 13.984939649648625 5.016996502478822 1.5331444722399714 -2.2257594213138905 -12.038580125927021 -0.548621107252536 -8.144381964571238 14.279259371136542 -12.316972705659753 -11.700303402913624 -5.84129168433029 -8.293719773074136 -6.171543858008118 0.4070804532413075 0.8169241487781392 -15.294971129554298 2.122284010907597 -8.927965825774818 -11.043667383222093 -14.666111619986307 -10.727248003073695 2.9520508153898675 -9.282778924851515 -3.0658233099160865 -6.329863288112117 -7.312419133664213 0.7463739300021087 5.9906587570578544 -12.44591711469131 6.167598021634072 11.277842705474406 6.172198848053469
-13.696503372183239 12.53078894975113 1.4282128874093178 11.616766593917575 -2.6907629006481306 12.217672846732588 -10.50941584223114 15.129940784482644 1.584889346553215 5.993119171542977 -0.32302253651320656 0.6275317278380861 -10.789303219272872 11.525684562415588 11.4875409103607 -14.135865567426205 6.22909061959306 13.34564516995133 8.800149612145622 -1.3393653916168802 -24.842225055890143 -13.071578836795997 -2.582138622308855 -2.1031074036925244 7.529846550345043 8.807564258564453 11.572877179043456 13.337185590982008 -3.442157922718698 -14.523923546239155 -15.880961985517875 -2.3975047902375293 0.6303663224564 10.749580966277692 -11.635830016398991 -5.605307969846654
-1.1441233135211148 -14.41869003867328 -3.8490867852493076 -9.150555885503238 13.90859744835485 0.6623278660022031 -3.96568361897617 0.9835629661479988 3.352058678443746 6.829271296841979 -0.49213268044646347 -12.95162215776138 0.7231250637905797 8.849279128059068 -6.422585316853332 4.172213416215402 3.4771035771410643 -3.459772830470426 -2.8460674312956917 9.627803117773409 8.701213961283853 -7.441649272556714 3.174097469908208 -2.4551475237172844 7.849913316662724 6.340807698173379 -8.68522067458961 4.197232164215878 1.5328943811935982 -16.16270020710388 -1.115841761882689 4.1554819205678255 4.792341209632847 -3.9393246978511587 -0.5660406069900685 -8.510931014309717
3.344949460253922 21.32037348926994 1.417343365746468 -2.8764568576084635 17.35669300195249 8.529250274365863 1.754212100945953 -1.7069131534901112 2.14492378637681 -15.27181848140576 -5.9176240828519475 -0.9706722326454765 -9.083578878499367 2.113944037011051 8.362002991402292 0.6027720597345824 -1.5525852939829874 -17.744680287006684 -1.2460911363919527 -1.2430163607705396 17.814176153946878 23.620560360762155 9.196386818418036 8.855718648538849 -13.743573436296591 6.194645010839321 0.9050847288842377 5.922702611999872 3.7829413112008248 -15.804582175447594 5.076415830514981 8.086724400332862 -1.7771351211429094 -8.165537617161117 -10.426141091652646 -3.3410601170762155
6.847850846002076 7.52252960792584 -2.6714013598249338 -8.326457266141574 -14.838195372581456 -10.19488077538394 3.3820476466891143 -9.05238122156635 11.618371172907038 2.6352817913309825 2.450640836178003 3.9971582286358767 9.437985042162516 -13.352048297745135 -6.522576328935045 -10.946652280421022 4.328772796317172 1.1799392478736994 -7.579831082025275 4.397408346328201 1.7736323827817613 -14.725265064757089 -0.7923050976996162 3.9742820537414922 -24.0685125068604 -11.330025698572525 3.1977285647135423 -6.306584587998374 2.2297029349581154 21.921288104086983 -4.240988246351146 -1.35983225500305 9.681108083293747 7.769220944340448 -19.681612373370083 5.006429408781805
-2.5837133361880977 -9.871406849179836 6.810230543589283 -3.308468849439328 -17.622627651433298 -0.6779031859057102 -10.531622763381526 -4.8371449211292274 -12.479333582492933 17.851984775922002 0.36107827956474453 6.925998285243457 4.660416464121301 2.8720323850062903 7.789010468657289 6.515230842055582 1.7394088964705365 2.4133800485416006 -7.225803681434732 -1.639826168656077 -4.217192598186429 -8.678115772014642 -0.5413854461767542 -6.385253433927224 1.118089631006038 -3.624474547271883 0.0715532082337923 6.14009910996055 -1.0969236984929762 3.0639003505319375 -0.13415585923560858 -4.099004146799281 0.02527424621842428 1.2758200879284614 7.878486443521538 0.3195251888047698
3.517109495365892 -7.990546770338508 13.565310465430194 -4.878538160322478 5.125459902230332 0.2754372924508451 2.2867105843856796 -0.26483412186744326 -7.210248811759103 -2.258088646201669 -4.866938266232841 4.277482673603517 5.387388371311731 2.887305667809122 10.20230558925828 1.3755662084828115 2.304100018056828 -1.6418775135467203 2.0035432159904 3.357238004988831 -1.9470416036071079 9.448790100544894 -0.8911256219254141 -8.831057227309174 -6.252086007399103 8.310144014189191 -0.7556934476321544 23.245534599724664 -12.503500700268555 3.708589902718441 4.263914590123388 -4.110098568244852 -14.77593346614002 1.6854445884041693 -6.952898631730467 -0.7108912248607615
-7.482607626684217 0.4790871039937202 -14.091282535236688 -1.1828408908046768 -3.838014035683844 12.611767189178817 16.52431536804316 8.77175940288107 9.776276598368295 -0.21332433826823122 -9.085777392510211 9.698974520397204 4.162212349279971 5.985924647234369 5.420704909418935 -0.5611477899636117 -2.6337094311433407 5.685863752487052 16.298185511895184 11.046905794073128 7.479014844659892 5.407578085474753 5.147195647243369 -11.763322655126661 0.6648608866302481 -9.555805526592819 14.318624191392688 -12.634135723481373 -9.906528330910586 10.418114707027142 -8.978533585977408 -19.277449045648616 9.411010640243877 -2.964990821012355 -3.3929461031172035 -4.62623320873695
-7.51530416345063 -13.21838895834616 -8.599958515957525 6.004192111787986 -1.1700446265171278 -2.252546259629724 -4.724289077727751 -3.4720612552142356 12.739403064702184 -10.339640050428342 7.694284552132978 -14.09328785465269 -12.451866083711794 10.900256002398212 3.853707581746306 -4.799695375865787 -8.252352838525924 13.720501067642026 4.658637581195978 -4.640388677017012 -9.776881390770605 -9.462546357703339 -3.7349688625835027 -10.960146023083396 4.436087233524706 2.585910299215466 -1.3197174357167671 -3.7872123815455754 -5.246301676156262 -12.71259406442507 2.8579212701692156 0.26285640648284875 17.705916199899264 14.232500947539325 -9.299967496437421 -10.346958419082236
6.275750423444475 1.6527582263541702 -0.5008156058930713 2.9521777050149223 -0.20056335361452926 5.3769875738414115 -12.799699225584488 -8.707163557504016 10.840948205573113 -5.465675376535298 13.25912963386023 2.3025326575947047 18.95842001225462 1.041038533589872 -9.932317317530737 9.65750578695652 -7.8166358732337855 -4.1322197996684515 -1.014351230582558 -1.1283097717512078 -4.951197633900806 -14.067997161716313 -6.674857177100674 -9.387927324425057 -11.366391225643039 -22.773443342502322 -7.446949820508264 -6.327227829460639 -2.469464128961737 8.967809297599642 5.8145668905782735 -12.121527539833414 8.153242870870665 8.204275521872903 -4.817785124982884 -1.9666081309694419
-11.16183014609246 -7.857599662688733 15.163618927564443 0.15589839838318859 -6.163330079981493 7.092904938582758 -0.8642341069051864 3.5961769659135276 5.925139656957391 -10.10792301594435 25.996929019468126 -3.0390612271787005 9.71431822670408 -8.658984094156864 -9.816522019355872 -5.483196656108305 -9.683205126486188 14.318550572065174 -4.107413859534162 3.3634940703299283 8.227947721864236 4.512433208248996 -2.4795101773886907 5.407157173288266 1.6956954407079161 -4.766587954502861 -13.992471522833744 -11.154694807606244 3.51530104463321 -4.731818280974239 -15.565218021471269 18.696683742475578 -6.4652756994103635 7.429182963046067 1.4812584619781264 -7.620254462560385
-13.78773298709199 19.40266321885492 1.4851689781280095 1.208020131531288 8.029488907361092 5.176599597514757 9.938425017139327 -6.3186056414967275 -0.14986698810651855 -2.9151535170062712 3.869434839647208 20.835157118908512 -10.07503495170837 6.676947283958617 -2.1566826433894835 -7.962238793010271 -3.460591488643096 -2.5000479508895377 10.252390920356824 -6.42577259024878 10.47007582772235 3.670523488880244 -2.6203963180641816 -8.476847467803413 3.5748166446372824 -8.525578189909643 2.588041259834258 -7.6259438407914475 -12.113567094949959 -11.587816944494127 -3.297652298893147 6.659001851322352 -7.376827555571293 2.5687962854331308 0.3092236992498387 -0.05651143148872062
-17.667589765520873 4.533954772130026 13.196608723726307 -9.014040188057969 2.578492062215357 3.2463764503553776 6.947198700486852 13.813906990012782 8.181483766126746 -2.520566949621177 -0.9363563002019031 -4.334910308921585 -11.850722532195912 5.167999481135776 -7.464324924397886 6.3971880577779325 6.456436129428412 1.1300806867081574 5.262859441659972 10.93004669653517 -7.368475804171539 -3.791558641086883 -6.628781369456747 0.8810316020249266 -5.809837708660133 -12.485916321277305 -11.654774689299352 5.051237470528408 -9.434732542743642 -6.436270247834094 1.767494188482931 5.399098293481968 0.10577934071937928 0.1171867413870909 -5.175882643729623 1.7095064790895629
-15.62794644378297 -0.8963682221788971 7.861080479380594 -3.4851464875196747 7.964807955799213 -2.637908925710623 1.3666296930259192 10.359270069177864 -10.509903392619796 0.47119174197746483 4.804332448833619 6.106492156883566 -2.9044849843757663 -4.474031772069743 -14.785931145283612 1.3644898402280285 -4.924237663543208 27.064215954361746 0.4434378213502488 12.122413601198232 9.845264128415588 3.721902568167244 -6.727730499775809 -9.050258973744219 -18.73569208826395 24.087746179623085 7.123451134359174 -3.4268813860677616 -12.250616037580963 -6.239298770700204 -13.742112111749003 -3.058073206305293 -0.9638893943573658 5.051356963256747 -4.319136663805636 -3.280555830037852
-2.71003589191299 -1.494547939436582 -1.4955743318206651 5.457803585074557 6.103260027863327 -8.572415315197816 -6.083857061133149 3.3205845363681012 3.3882972878844897 14.506777185539997 3.0039534856678998 -13.270761431579981 6.0602910507975185 -9.534119120769612 -6.434080824893084 -2.8827461490762922 -27.507958838193964 1.4272690767148886 -7.83927447994981 -5.014934541071908 -5.907048541061341 1.4490304919607024 8.695242254565843 -2.158638118332949 -2.290481866917243 -11.591193141323208 0.1554902520433331 9.64304042769689 4.420029003051738 -0.6205544340686806 -22.74142820073764 -4.949420995371712 12.324923104999199 -13.362386659999519 2.89351353972527 4.408120971891158
-0.2376339740309823 1.3351273387771947 14.346924200768683 -13.139149828361058 -4.560487864438236 8.45879444817229 -3.2600931970851375 6.199668530845872 -4.085107721574874 -2.36143150167542 -7.172668985484265 -8.806540888696366 -10.586529256084095 -7.096208140312077 -0.5632420969064276
-10.390320802429494 -10.441885858884314 -13.670136879752091 0.2511528253928865 0.7144962101458903 -3.8522972137502003 2.8172268548996486 3.4352158424673718 5.5309254618485575 -0.7015386632616295 0.5530041721496552 -2.9320440986429044 -12.67231131044851 -3.720692257951533 -4.480061363846121
-8.22267287747861 1.021655678528552 6.868402212210315 5.62813608494942 3.8291344839174344 8.51432879867121 11.904724862041107 -7.151866216622473 16.38636779609828 1.1156499310984636 3.491232148008658 4.094487047165386 -7.2535512084237475 -1.168189410292573 12.726384283434731
5.270036957021157 -6.241089867370793 -7.714383307576691 4.9996682062015125 6.742206852855252 12.364863051961333 4.08832662841178 2.374197719942971 -4.196884218798532 -3.7451708684358125 -16.83633367632152 -0.5057963113492046 -15.657440186093533 -6.466642559487174 -8.668056367325903
-0.8101041576070711 -17.83732485164052 -7.250154754469638 -0.49695783659400894 5.43473445199925 6.575406293073661 0.9872202892062266 13.751539920812634 11.836478967430665 9.16506448976612 -0.12923843481078962 -18.291703402873424 -3.4950313575843373 -11.785328574998022 4.848086353070841
-12.511958654614673 9.623340399209177 -11.809169964721125 8.285423460210456 -4.719675126516779 -3.0690824088261066 -5.00312051991564 2.801968572167129 1.5459354611522027 5.109653120108918 -2.117458843066472 2.6119172610914125 15.661533854848502 1.8076277561178262 6.978217000226191
