36 7 6
7.850000000000004 1.7499999999999996 0.6500000000000001 -0.09999999999999981 -2.05 -1.6000000000000005 6.450000000000004
-5.350000000000001 2.3000000000000003 0.8 -4.050000000000002 0.2500000000000001 1.95
0.20641405850766392 -0.8366422453328135 -3.764935472070605 0.436334470584084 0.6775330756171363 -0.8614648805590963 5.537074544542701 3.736005060799542 -3.375711601226187 0.6907375856667126 0.3301563659455062 -8.011090940319082 3.7084849970784495 2.242551819625729 -2.9051246738388663 -4.908828713787517 -1.5937012679198082 1.4756099962686686 0.00904752966945016 8.213369112462416 1.2987875709931291 -1.241182065430456 -6.4582285565510045 -1.4782378101043674 -4.533373770984962 0.263802177275792 -1.5210277229062485 5.721178097044498 5.31035812846175 0.8989920466476891 -2.171310366616653 3.7847217800277244 -1.1963303449611042 4.2738741536552745 -0.2879011768098194 -2.9185969751823073
6.424217818139337 -7.255408142047795 -6.190145366802688 4.720362302622639 -0.8351734638488688 -4.511733269977571 -0.9058343337391865 -2.4970657195235555 -3.8434142079150497 1.724391265424758 3.4847469773394426 8.717729492922304 -0.2177567236669289 5.999857572401583 -4.39134930517269 1.5025403828364066 -4.442620732901693 -3.4385423153081893 3.3669928098567974 7.583852666236237 -13.121839272011895 3.892180441681944 -4.64174781622685 5.351283011107617 -3.1593322983707335 4.2435988322153095 -6.5706471691454995 2.9915415543761648 -10.031647464176539 -2.3784441551876694 3.173870961851208 6.398388870375498 3.1708648458344655 -3.235770116897597 2.9380299595229467 -3.317169559950108
-6.153709201861394 4.16275054220833 -8.543765302857414 0.19658711811366858 -0.7507628042322769 0.36984721800971915 -0.11183385734562579 -3.298736621477257 0.8998751792802007 -3.410588992611709 -6.75301177960929 -2.2941560784321227 -1.4922527428131807 -2.4424535392050104 -0.37783828725132923 10.561326410428615 0.15668995108946093 -3.231419203117487 -7.313538640930684 -3.068762953455183 -5.429975937313408 -4.55403667789494 3.445938939429361 0.09377342326480503 0.10681145117818824 5.332495257472944 -0.6229444497632812 10.229609763877377 -2.815217698369266 -2.943114658328622 -7.196100101543466 -5.7402406878638335 -1.4915322472032286 7.593882272614304 -1.022917095099009 -0.9608450357678646
5.531125138434541 -2.882852251984933 6.164963234386289 2.1143912866721117 -5.584384779215518 0.5378865176000567 -4.77878466056005 3.8633788481750306 0.5486136098215573 -6.5281613841857755 6.114288028092452 -4.841846533611799 -6.073962185083964 0.3720276435234841 -3.6083350174841087 -0.7443534725597258 5.077737563424612 5.516929780255912 1.3597226019767108 5.506278468913687 4.291952532491186 0.12230609810003878 1.107302946565676 -3.9759307736815144 0.7006146267784541 -1.673994033080961 3.485525069450282 -0.45865033649522496 3.8922000768094467 -6.134160158292158 3.1731207581084124 -4.108516705760472 -5.570185281100377 -1.5760245311845187 2.99069194776464 0.16293373151854806
-1.2587886170726292 1.039640183796495 3.992192250527064 -7.44379499133147 4.94015832534566 -3.1227841647111303 -2.9674349575967796 -1.5677995248949983 5.312282079521305 6.720839428528751 2.5600602313174634 10.053389553897167 -1.0246053037609602 5.395225338390032 7.812482742490443 -1.5233552948424587 -5.278837016009309 1.6959555267471402 3.887643415330886 -3.169903661277459 2.0633501163202768 -2.6477931776406223 7.746547236606846 -2.083483169578881 -2.1349202150151263 -2.4442092122676398 -6.1505057415086535 -2.4106337904879105 -2.441227085926232 4.99877987120627 1.900969597512802 -6.4837006060391245 4.780965513156192 -3.471417520989612 -0.9023326255813422 -7.517344126831819
6.5520427439904285 5.637699053426404 6.3438497839004935 -8.29728154166829 3.4965235707486926 7.563796886305595 5.647226833203009 15.029281175054361 -4.074157398954025 -15.726977682828867 -0.009254834111607158 -3.7992251812609243 1.2020804931756706 1.8042595497571143 3.3955124447470872 -1.234107727044698 -2.31469561368988 -0.3949489038701494 -3.004010281679638 -8.654575359925957 -4.4977509377627465 -3.8718114853836916 -1.9539756098835823 2.138699393559104 -7.713871587971873 3.997123913490027 -1.5393290844477827 -0.3188661076390619 -8.844340270827391 -2.127595612129728 12.376188746569667 3.4950677595145514 0.8841256372643154 3.6350793461488973 -1.50074119320379 6.658628768108447
-3.4578891630690425 -0.27452199279427725 -2.5117079024371765 -4.323806221443242 -12.421164172843595 -1.439136653483262 -2.7665128520226046 1.8099735178125675 -8.928906366691974 -3.447027637890762 7.841222030640803 -0.7929042654144165 3.455535842307145 0.19502840357874351 2.7286546765488637 -6.31165797365099 -11.200004812397363 -4.628315609510831 8.62868684592687 -1.0253768170856816 -7.197583556260713 -9.150563639592766 -0.5718453185812542 -6.570148325197115 4.005974855852303 3.2944179591742566 2.5270745179985155 5.799323194114898 4.90570528288039 1.1859699148989524 -7.0353574285364 1.6305212981179134 -4.371311235908793 9.329200797133138 2.137830624321424 4.346059510637592
-3.7849182373596495 -6.902109482329159 -0.7099513204639005 2.7364325368642985 -6.316819417350353 -6.081451126935116 -9.710468807651214
2.0439962134880836 -0.9983127146866386 2.476818261774941 -2.595627825369976 8.772991373653818 -3.3056680180712155 -4.381208989880622
-4.717795836119895 -4.660952883212459 5.392628201521099 -1.7077355501321323 0.5645753014490442 4.6519723680168115 -6.646772835461937
-2.1399323939364017 -2.4367883668748656 -0.9013800669732102 -10.063491311912752 6.670324033478985 0.5237987402862619 8.288824706601513
2.7436643903547315 3.9499319385811162 -3.5898247470706304 -5.908974150536072 0.6476249967370786 -3.276439223070745 -3.603826524303673
-4.100867566085713 -1.0291948205456618 0.32444138265896344 6.980029545457049 -2.7778489615349446 3.777219145402915 -2.890027156989549
