36 7 6
2.25 1.75 -0.75 1.5 0.75 3.0 -0.75
-1.75 -0.5 -1.0 -0.25 0.25 1.75
-0.5935859414923361 -0.4366422453328136 0.635064527929396 -2.363665529415916 -0.122466924382864 4.938535119440906 2.337074544542699 2.1360050607995404 0.6242883987738135 -0.909262414333287 1.730156365945506 -1.6110909403190785 -1.0915150029215512 0.8425518196257288 0.4948753261611336 -3.5088287137875156 -0.5937012679198088 2.4756099962686693 -2.19095247033055 -1.1866308875375866 1.098787570993129 -1.4411820654304561 -3.0582285565510023 -1.0782378101043673 -0.9333737709849608 0.2638021772757917 -1.1210277229062489 1.521178097044495 -3.689641871538254 3.49899204664769 -2.5713103666166535 -1.0152782199722767 1.2036696550388957 -0.7261258463447269 1.112098823190181 0.2814030248176933
0.824217818139334 -1.4554081420477907 -2.990145366802685 -0.07963769737736248 1.964826536151131 -3.7117332699775707 -0.3058343337391869 0.10293428047644415 -0.04341420791504813 -0.475608734575242 0.48474697733944216 -0.8822705070776982 -0.01775672366692893 -0.6001424275984206 0.008650694827311955 5.5025403828364094 -0.24262073290169095 -2.038542315308188 3.5669928098567976 1.3838526662362325 -2.9218392720119093 -0.3078195583180574 3.5582521837731527 2.9512830111076145 0.44066770162926705 3.843598832215309 -1.570647169145496 1.591541554376164 -1.0316474641765412 1.8215558448123303 1.7738709618512072 -2.4016111296245057 3.970864845834466 -1.035770116897596 1.138029959522946 3.0828304400498943
-1.5537092018613912 0.7627505422083285 -1.3437653028574106 2.3965871181136684 1.6492371957677232 -0.23015278199028089 -1.9118338573456253 -3.098736621477257 4.4998751792802025 -3.8105889926117094 1.2469882203907139 2.3058439215678774 3.3077472571868203 2.1575464607949897 -1.777838287251329 -0.038673589571381006 4.3566899510894626 1.9685807968825135 -0.5135386409306797 -0.46876295345518226 0.5700240626865951 1.0459633221050615 0.24593893942935985 0.09377342326480509 0.3068114511781883 0.1324952574729421 -1.0229444497632814 3.8296097638773823 -1.8152176983692658 2.456885341671379 -2.3961001015434613 -3.3402406878638313 -0.691532247203229 0.1938822726143008 1.177082904900991 -1.1608450357678646
2.131125138434538 -1.8828522519849322 1.7649632343862862 -3.2856087133278895 2.4156152207844848 -0.2621134823999436 0.22121533943995164 2.4633788481750294 1.148613609821557 0.47183861581422826 2.9142880280924492 -1.8418465336117968 -5.6739621850839645 -0.4279723564765161 -0.608335017484108 1.055646527440274 1.6777375634246097 1.1169297802559086 2.9597226019767113 1.9062784689136842 1.491952532491184 0.12230609810003878 -0.49269705343432424 -3.575930773681514 1.5006146267784537 -2.8739940330809617 1.8855250694502808 -0.058650336495224886 -0.3077999231905548 1.4658398417078446 -3.6268792418915896 1.691483294239529 1.2298147188996258 -0.776024531184519 -2.8093080522353606 -1.2370662684814522
-0.8587886170726295 1.2396401837964954 -1.0078077494729367 0.5562050086685346 2.9401583253456582 -0.3227841647111296 -2.7674349575967794 -2.5677995248949985 2.7122820795213034 4.1208394285287495 -4.439939768682539 2.05338955389717 1.3753946962390398 0.39522533839003016 1.4124827424904374 -0.7233552948424589 -1.078837016009306 2.895955526747141 5.887643415330888 -5.169903661277461 -1.136649883679723 -1.2477931776406221 1.1465472366068408 -0.2834831695788811 -2.734920215015127 0.5557907877323607 -0.9505057415086502 0.9893662095120896 -0.24122708592623177 -2.4012201287937325 2.1009695975128024 0.9162993939608794 2.9809655131561907 -0.8714175209896111 -1.102332625581342 0.8826558731681851
-0.24795725600957486 -1.362300946573599 1.54384978390049 -0.297281541668287 0.09652357074869178 3.163796886305592 1.4472268332030063 4.429281175054384 -1.8741573989540234 -2.9269776828288894 0.7907451658883926 -1.5992251812609233 0.8020804931756704 -2.595740450242886 -0.004487555252913111 2.365892272955302 1.8853043863101195 0.605051096129851 -2.2040102816796376 -1.2545753599259544 -2.4977509377627447 3.7281885146163107 -1.5539756098835822 1.1386993935591039 -0.31387158797186876 0.19712391349002578 2.860670915552218 -1.318866107639062 1.3556597291726098 0.2724043878702722 -0.02381125343032231 -0.9049322404854498 -0.5158743627356845 0.4350793461488962 0.4992588067962098 2.2586287681084434
-0.8578891630690415 -0.8745219927942771 0.8882920975628241 -1.1238062214432398 0.1788358271563939 1.3608633465167386 -0.3665128520226042 1.6099735178125676 0.8710936333080284 -2.647027637890761 2.6412220306407996 -2.192904265414416 0.05553584230714392 1.3950284035787437 0.3286546765488636 -2.3116579736509877 -1.600004812397371 2.9716843904891714 2.428686845926867 -2.825376817085682 -0.3975835562607086 2.4494363604072356 1.2281546814187458 1.0298516748028883 2.0059748558523016 0.09441795917425555 0.3270745179985153 3.599323194114897 1.3057052828803881 1.1859699148989522 -1.835357428536395 1.830521298117913 3.6286887640912093 0.929200797133138 1.1378306243214247 1.3460595106375903
-3.184918237359649 -1.502109482329156 -4.509951320463903 -1.263567463135702 1.08318058264965 -1.4814511269351125 -4.5104688076512165
0.24399621348808376 -1.1983127146866386 -3.32318173822506 4.604372174630027 -2.427008626346185 -0.3056680180712146 0.21879101011937974
3.282204163880108 -2.060952883212457 0.392628201521096 2.2922644498678677 -0.6354246985509557 2.4519723680168095 -0.04677283546193456
-3.539932393936403 -0.23678836687486515 0.29861993302679 1.9365086880872453 3.8703240334789824 0.7237987402862622 -0.9111752933984907
1.5436643903547314 1.149931938581115 0.6101752529293707 -1.108974150536069 -1.1523750032629214 2.723560776929256 -3.003826524303673
-0.9008675660857111 0.9708051794543384 -0.6755586173410366 0.7800295454570454 1.6221510384650557 -1.422780854597086 0.10997284301045163
