36 7 6
0.0 0.0 0.0 0.0 0.0 0.0 0.0
0.0 0.0 0.0 0.0 0.0 0.0
-1.25054758994139 -0.19791187079580824 1.098223790996983 -1.2649730906088215 -2.2932035603120924 1.375732307292604 -0.3281603626537011 0.9019523794779719 -2.7283457426215327 0.2249641372729806 -1.1824679624921648 -0.402173610757031 -1.9306891545736236 -0.12548373656519232 1.0626555154069284 0.914312005206385 -1.302800494590857 -1.4979866959585917 2.000859765104729 -0.10051661965985645 0.9776497339907562 1.0867728242075332 -0.9910192285104766 0.13318822544134368 -0.3578073369897791 0.03599680022699308 -1.047103280059608 0.7986585940584876 -0.22485053788709902 0.796235428309544 0.6109187171712016 -0.7084190868397651 0.00921270947880207 1.4652286905828174 -1.093457529058775 0.3578264689052153
-1.2307953717084537 -0.8114631594701959 -0.6364179790032765 -0.0966036440938713 -0.6491228892467862 0.41314178816226144 0.4689034396252355 1.5275009289364694 1.2879903347867796 -0.7186727319643207 -0.1351504147815008 -0.5550731347090729 0.05715490226123451 0.7105686109070759 -0.6006476232588843 -0.7738415547383094 -1.6843036597510497 -1.4815023851266993 -1.6691948852390097 1.4272599068833849 -1.0777682041588288 1.380903177148567 0.9176600749441959 -0.9835643755879074 1.500588865459297 -0.6054629788827179 -0.32984088370129444 -0.10483483716113035 0.47127375332696947 0.15350701553254753 -0.5525964420775281 0.08257005118626168 0.3874042167811673 0.8014176707945943 1.1433338055747788 -0.1510590867281726
-0.2271418950123616 1.1516829774180042 0.00020415087849239314 1.938756917559238 0.026608095159679525 -0.8897410715149884 -1.2569569379311278 -0.0012221243922364345 1.1274020565931937 -0.2783780389721772 0.6088335583575986 0.3960876703437463 -0.6828515788929586 -1.2303102431184316 -0.6504484765484053 -1.9384533127489458 0.4791288782477244 0.5414998715137648 1.0136364239073756 0.47888253023278055 -0.5605756320378206 -2.2733231516329586 -1.4613591065659544 -0.701334903540886 1.7516573174161303 0.25935612972596384 -1.6032285233144503 0.6982618245478972 -0.8913868971557551 -0.22597494557120948 0.9809012094065586 -0.09277796888257964 1.042513593818753 0.3460977529948446 -1.0576362330985618 -0.6755850352853559
0.7449568285548203 0.7221308267841319 -0.6413518733167117 -1.7796184658833147 0.5145265185225684 1.0521907726187596 2.2363210666121534 0.26074134138943617 1.6388008336575857 -0.8022775499190465 1.5694974985560883 1.2655936713348186 -2.3088920854577175 -0.3354412507904496 0.36360492719487164 -0.2574070343111677 -0.34691857273884874 1.4068750160915757 -0.8422491235165956 0.6743120522678677 0.7581026113363699 -2.485795117341132 1.4246901981422526 -0.10814410023609114 -1.0147304924628926 0.5496238800276108 -2.28233531485407 1.9890784313034922 0.0071654195021543824 0.4161113592491781 1.0843295839590632 0.15598662912287603 -0.34740040145561596 -1.725367139320909 0.20027895264064569 -0.7500079330716952
-0.1761746636407475 -1.2489169630186783 -0.020153160013711428 -0.6265458503213605 -1.8326731638537612 -0.6708817200243716 0.22809332122713677 -0.62809680058293 0.9095412069265454 -2.0909170346927124 0.43407980185039136 0.39007299671989615 1.3311186585120427 -0.56922183749659 -0.5695587543198968 -0.022490112651463865 2.0187076075634183 -0.2461118537824459 -0.6558986272784281 -0.833114292908432 0.2858057674517281 0.5949874827145273 -0.755180670649841 -1.4443237558105717 -0.9781699455685665 -1.3544526350716384 -0.14919133749637695 -0.22348186585518734 1.3435814570206839 -1.8124005897841646 0.6526343853844195 0.9499222518351059 0.35902165335928354 -0.6944527811632176 -0.7376255604978351 -0.07681322390629866
0.8723726786366818 0.6273208604588324 -1.7221993313537014 -0.44174232971692867 0.912665302019605 -0.412693176877991 -0.07004359328939723 1.9589688050061562 0.5616405236320134 0.1534570044103069 0.3790070567979993 -0.6533411941017272 0.7739211666134576 -0.5340361528479769 1.010547765039486 1.3020517105382183 -0.4379501106166089 -0.1688222249432473 -0.8761138708537669 0.9064768598608527 0.3092119553533206 0.8084143451211663 -0.9586358374657457 -1.7838722557228182 1.158743186703112 -0.23350592893255734 1.0487398224677025 -0.01765940812808299 0.5988838730715851 -0.08818849310445806 1.3974856321137652 -0.778883576853887 -1.415203309366226 -0.15722255354587833 0.19843636166249948 -0.5015769304860793
0.268529447296585 -0.4821758038988219 0.16365761229654624 0.5637223687558592 -0.9399575299738672 1.1636268441247692 0.7199865409948273 1.5536676072095088 -1.1870248413769156 -0.7730423674775324 -0.013634300301131524 0.998319238410303 -0.41897517909104 0.16432575467169563 -0.14993468580184036 -1.2941700100152185 -1.2054273421736084 -0.6333040439321194 0.24761870220471627 -0.937330406903894 0.7269905542665953 0.2600012457323672 0.1937120419244099 0.3451146379388906 -0.12595940084236862 0.9420563297187984 -0.29347149497214403 -0.3715052947148724 -0.9328249882912895 0.038382434297239115 -0.9419761808267265 -0.7792361589499465 2.327891975098227 -0.23720112762309034 2.0288621323927023 0.5414180677397119
0.6000400151964459 -1.0747724299094064 0.9783300971913457 1.6602406596553936 0.09837543074961376 -1.0996923435280883 0.5369192227225601
-0.08085107746227103 0.0049799277817601535 -2.732652017810943 -1.7923181957935677 0.20910291502407838 1.1575361896494587 1.8012495789019531
-1.0888385517578982 0.8818720596126859 -0.25386282403799676 -0.9852060936480131 -1.0695990199468925 0.2745123175625549 1.217883117584044
0.0035176936579911257 -0.06705706483132089 0.8895995473778954 0.19327117676758904 1.5948387107870983 0.2937214988471993 0.3265607374613534
-0.9329754858370676 0.4666611482108182 -0.026716886396070765 -0.19671033227435417 1.2021307700465502 -1.6591680773408066 0.4160655052079556
-0.04500644622968839 -0.37055144851790334 -0.2338119500650174 -0.23048310413122305 0.03951886263846108 0.44096529932901585 0.9162207371150404
