36 7 6
1.0 0.75 -1.75 0.0 -1.0 1.0 0.0
1.0 0.75 0.0 0.25 -0.5 0.25
1.4064140585076639 0.8133577546671864 0.13506452792939627 -1.8636655294159161 0.377533075617136 2.188535119440906 1.8370745445426988 0.13600506079954044 0.6242883987738135 0.590737585666713 0.23015636594550615 -0.3610909403190783 -1.8415150029215512 0.3425518196257288 -1.7551246738388664 0.4911712862124842 0.6562987320801912 0.4756099962686694 0.05904752966944993 -1.1866308875375868 -0.40121242900687104 -0.19118206543045613 -1.5582285565510023 -0.8282378101043673 0.31662622901503923 0.013802177275791694 -0.6210277229062487 2.271178097044495 -2.689641871538254 1.24899204664769 -0.5713103666166535 0.23472178002772326 -2.0463303449611043 -2.226125846344727 -0.38790117680981906 -0.2185969751823067
-0.675782181860666 -0.9554081420477905 -1.9901453668026852 -0.32963769737736237 2.964826536151131 -1.9617332699775707 -0.8058343337391869 -0.14706571952355563 -1.0434142079150481 -0.22560873457524194 0.23474697733944205 1.617729492922302 0.7322432763330712 -1.8501424275984206 1.008650694827312 1.7525403828364094 0.2573792670983093 -1.2885423153081879 1.8169928098567976 -0.11614733376376751 -1.671839272011909 0.6921804416819426 1.3082521837731522 -0.5487169888923853 -0.809332298370733 1.8435988322153094 -1.0706471691454957 3.591541554376164 -0.2816474641765412 -0.17844415518766976 -0.9761290381487928 -0.651611129624506 0.9708648458344662 -1.035770116897596 0.38802995952294594 2.5828304400498943
-0.30370920186139116 1.7627505422083285 -2.0937653028574106 1.8965871181136684 -0.350762804232277 1.2698472180097191 -0.9118338573456255 -0.3487366214772567 1.2498751792802025 -0.8105889926117094 1.2469882203907139 1.5558439215678777 0.057747257186820444 1.15754646079499 -1.277838287251329 0.461326410428619 1.106689951089462 -3.2814192031174865 -2.0135386409306797 -1.2187629534551823 1.3200240626865951 0.04596332210506149 -0.0040610605706401515 -1.656226576735195 1.0568114511781883 -0.3675047425270579 -1.0229444497632814 0.8296097638773821 -0.06521769836926583 0.20688534167137917 -1.6461001015434615 -0.3402406878638313 0.058467752796770966 -0.3061177273856991 1.927082904900991 0.8391549642321354
0.631125138434538 0.11714774801506778 1.2649632343862862 -1.7856087133278895 1.915615220784485 -0.7621134823999436 -1.0287846605600484 1.9633788481750294 1.898613609821557 -0.7781613841857717 0.6642880280924495 -0.09184653361179668 -2.9239621850839645 0.0720276435234839 -0.358335017484108 -0.444353472559726 1.1777375634246097 0.6169297802559086 0.7097226019767111 2.9062784689136842 1.241952532491184 0.12230609810003878 -0.9926970534343242 -0.825930773681514 1.500614626778454 -1.6239940330809617 -0.6144749305497192 -0.5586503364952249 -0.30779992319055494 2.2158398417078446 -1.6268792418915896 -0.30851670576047097 -3.270185281100374 0.723975468815481 -1.0593080522353604 -0.23706626848145218
-0.6087886170726294 -1.7603598162035046 -0.2578077494729367 1.8062050086685346 1.4401583253456585 -1.0727841647111296 0.9825650424032204 -1.0677995248949983 0.4622820795213034 0.37083942852874974 -1.4399397686825386 1.8033895538971698 -2.1246053037609602 0.39522533839003016 1.1624827424904374 -0.9733552948424589 -2.078837016009306 1.6459555267471406 3.6376434153308876 -2.9199036612774614 0.11335011632027692 -1.2477931776406221 0.14654723660684088 -1.283483169578881 -0.7349202150151268 1.5557907877323607 -1.7005057415086502 -0.26063379048791036 -0.7412270859262318 -0.15122012879373248 1.8509695975128024 1.6662993939608794 1.4809655131561907 0.12858247901038888 -1.352332625581342 0.13265587316818506
-0.24795725600957486 -0.3623009465735989 1.0438497839004899 1.4527184583317128 0.8465235707486919 3.413796886305592 -0.05277316679699373 1.9292811750543841 0.37584260104597655 -0.9269776828288891 -0.4592548341116074 0.9007748187390766 0.5520804931756704 -0.3457404502428858 1.4955124447470869 1.115892272955302 -0.11469561368988057 0.355051096129851 -0.7040102816796376 -0.7545753599259544 -2.2477509377627447 1.2281885146163107 -1.5539756098835822 -2.361300606440896 -1.0638715879718688 0.9471239134900259 1.1106709155522179 -0.06886610763906198 -0.3943402708273902 1.0224043878702722 0.7261887465696777 -1.9049322404854496 -0.26587436273568454 -0.5649206538511038 -0.2507411932037902 1.2586287681084434
-1.1078891630690415 -0.12452199279427711 -1.8617079024371759 1.6261937785567602 0.9288358271563939 -0.3891366534832613 -0.6165128520226042 -1.1400264821874324 0.37109363330802814 -1.647027637890761 0.8912220306407996 0.5570957345855838 -0.6944641576928561 1.1450284035787437 0.3286546765488636 -0.8116579736509879 0.8999951876026291 1.2216843904891714 2.178686845926867 -2.075376817085682 0.6024164437392913 0.44943636040723545 0.47815468141874595 -0.4701483251971117 1.0059748558523016 2.3444179591742556 0.07707451799851528 0.5993231941148972 0.05570528288038834 1.1859699148989524 -0.33535742853639505 1.080521298117913 2.3786887640912093 1.9292007971331382 -0.3621693756785753 -1.1539404893624097
-2.684918237359649 -2.752109482329156 -2.2599513204639026 -1.763567463135702 0.33318058264965 -0.9814511269351125 -2.2604688076512165
-0.006003786511916354 0.8016872853133614 -1.5731817382250601 1.3543721746300266 -2.427008626346185 -2.0556680180712146 0.46879101011937974
3.282204163880108 -1.3109528832124568 1.142628201521096 1.7922644498678677 -0.38542469855095574 -0.04802763198319038 1.7032271645380654
-0.5399323939364029 -1.4867883668748652 0.04861993302679002 -0.5634913119127547 2.3703240334789824 -0.7762012597137378 0.8388247066015093
-0.20633560964526854 1.649931938581115 0.3601752529293707 -0.8589741505360691 1.0976249967370786 0.2235607769292563 -0.503826524303673
1.599132433914289 0.4708051794543384 -0.6755586173410366 1.2800295454570454 1.1221510384650557 -2.172780854597086 -0.6400271569895485
